11011

· 667611616131111χ116,1611111 11616111, 6,811 24316.

8,.13 633400061661111,4164116111,4178,.3
44144846431134441611111611133611111 200,.66 1344481101· 311· 11 χ1831,1,180
.6868611λ661616666,’84,423.4 ·- 66668 81666000 3116161 scientibus·

5681161110101331113 1440, 12. 311 loquo 124,1.

5611314411 311 ζ16511111631111 226, 4. 1611167 1111 166103116611111311166161,

3103 . 1116311 concione cansa aliqua 1·

66611211031611” 31311601 30, 8. 361111,138,9,6.’61111716111111161·
’66111601 03 vorborum, nominantur 8 3111, 34, 3. x

31661361140614110616 1110 34, 22. 6101133161111311 1461336111,111 346, 2.

61611’1111111633111611,186, 13. 6111331686ον 116 111111 111111 161111,

8618111100116118Ν2406 14011. ·

61667313 1141, 1611111,111111·131111,111,6101816310 0· 1111661 1116161110120,Ι

7031111161166166431130, 11111111 3.

ceditur 43111 licet, 72, 3. 631161111164111161431831161, 136,8.

611101161665311136,36,.3 8118333081
44834164 111441 61161- 36,3.3 304. 6116,1311]11111111·11, 244, 7.

16310311161,10,1. · ¹' '

118 χ8113 ’738830 14871161.

16811111 6811313116 11,,172 81161
168043111034641611161, 24, 2 Ἐ1116,001811166’61’31·’161111, 128, 9 ·
14111111681111111616, 194, 21. 61111611611181 1111613111 ,,34 10.
1038300611,3116,3,.1617618611161611181013161113631161118
611176ζ118111, 1131116111, 662, 9. 01116111 ,48, 76. ult.
6113113116χ8111,1·116111161 1131611111,6111631134111111311164116116066611110

2424, 3. - 1111630, 20. “
61316111οὠ118, 74,1. 6111 1618111111611161, 138, 16.
61311306180,1’111’1116113613111,10,6141,3131·11·441’111]111,230,3.

14 66114111 1163341141, tuopte
6111131161,1116161111,216,8.861110116η1616 11111661,
’κ’8ω16.’616663618414144446,’366461166166’666’466 667λ16611156661ΘΜ8”’4’’ς8

1111092. 1· 611161131κῖ18αο 661161181131111666,8111111 38, 10.

9046. ἰο111161411104,13611661·1,16,13.

61131311 1331161161, pronuntiatio, 94, 4411111611 1611 1,ς 178, 7641161.

12.6611111110311131611611131111,11161Ιξ,

6131111811,31111111116116,92,-6. 4,,78 102, 76..31111161

3.98,41166411011131 130 3

61111111118111611 3161113101 232, 4. 61113181803166114,1494,10.
4014163111ξῖ1,31611 182,12, 6011431316111181111 1414673141, 1496, 10·
6611111111, 1416111, 19 2, 8. 6111 1446114131 6 τῆς 1313113 7336101,
61116118 61169 6616111 248

hffiffivmoogmwgffiffiad

”ᾞ,628,6’6”16368416’ῖιῗ1· 01111161281114166111111, 84, ,46

4 111-1·

 

